0.05 1.9059448959368115 1.9059448959368115 1.8894700281667933 1.8894700281667933
0.1 2.1072967609655078 2.1072967609655078 2.083215482659801 2.083215482659801
0.15000000000000002 1.9307853810998457 1.9307853810998457 1.9326870880235016 1.9326870880235016
0.2 1.7059696659914119 0.4648427388767276 1.371557048715023 1.453012820524277
0.25 1.6102475221761323 0.4693702771468031 1.2605887194509213 1.3968967072669447
0.3 1.3980355212266948 0.44140131616384254 1.2150780354069561 1.2989438483027422
0.35 0.98840866705541 0.1867534368875565 0.853116846913343 0.8439417448845414
0.39999999999999997 1.20212584767237 0.26221096522757587 1.1367430350199015 1.0577016046306136
0.44999999999999996 2.2481983001033 0.487011484611161 1.2599791154977198 1.6388327942338705
0.49999999999999994 1.1424325608779486 0.16472964698958606 1.006129295040716 0.8476389288727032
