2.6030004344217104
2.6029220148691508
2.6029088043661694
2.602701277061322
2.6026090916305344
2.602572862900261
2.6025625450435035
2.602525027055944
2.6024874218594065
2.6023757751774337
2.6022472215114134
2.602239138964241
2.6021147370532027
2.6020729322290364
2.6020729322290364
2.6020729322290364
2.6020729322290364
2.6020729322290364
2.6020729322290364
2.601663840749962
2.6016116809519967
2.601545550430033
2.601544730998077
2.6015314282812705
2.601521738714149
2.601463114126902
2.6013838602422985
2.601367269445216
2.601333099404217
2.6013048686023246
2.6012332540672096
2.6012095138550775
2.601177853850721
2.6011406418757517
2.6011245075891245
2.6010855229749112
2.60104072475503
2.6010144551963124
2.601004013398642
2.60095739279489
2.6009370791522217
2.6009233842805215
2.6009042433472427
2.600895406660031
2.6008769537617917
2.600838415202802
2.600837091390576
2.600834725311995
2.6008209991020337
2.6008220018996413
2.6008238727401385
2.600831008628212
2.6008398400607007
2.600844033382743
2.6008513103591673
2.600852676166899
2.60086324207306
2.60087129497021
2.600880795463723
2.600895555761379
2.6009423795830187
2.600958250698061
2.600970936516556
2.6009742473159765
2.600974456006709
2.6009876334414788
2.6009947964542453
2.6010362741721367
2.6010669671860187
2.6010682135997527
2.6011189008730207
2.6011340098402376
2.6011351254193995
2.6011581815020626
2.601216225046823
2.601263242709434
2.6013841907736084
2.601444609101509
2.6015103486856184
2.6015317433464045
2.601555010502532
2.601606834454055
2.601619294468334
2.601697223960254
2.6017337880480205
2.60187679307842
2.602059957708891
2.6022053782021017
2.602303219154848
2.602388186915985
2.6024421885811804
2.602518581810683
2.602531360107604
2.6025722930425315
2.6026423522333864
2.602774285298884
2.6028346164054703
2.6030898048918263
2.6031513794845345
2.603156390154207
