1000 0.04145999999999999 0.5176199999999997 0.2070000000000004
1100 0.03961818181818183 0.5232272727272731 0.19090909090909125
1200 0.0378833333333333 0.5408 0.1775
1300 0.036946153846153844 0.5351076923076924 0.16846153846153875
1400 0.03400714285714285 0.47459999999999986 0.15857142857142884
1500 0.04127999999999998 0.4987799999999998 0.1519999999999997
1600 0.038837499999999976 0.5092124999999996 0.14250000000000004
1700 0.03562352941176474 0.5296764705882354 0.13588235294117673
1800 0.0363888888888889 0.5049166666666663 0.13000000000000025
1900 0.028921052631578913 0.5435368421052629 0.12315789473684195
