3675323.376770966
3672443.199136092
3671111.0837714006
3670821.02757697
3670686.6970556206
3669434.359761819
3669346.209921106
3668631.7891792343
3667385.3958244263
3666705.907076867
3662012.5535875326
3655389.7997662975
3654804.0451463573
3653866.720522007
3653185.1817419645
3648832.9537208797
3648043.1647795294
3647392.585780804
3645456.669379816
3644690.8543416355
3641557.776350371
3634504.7051968286
3634299.0065998333
3632779.73592834
3625628.8548804927
3624180.1618130095
3623068.5693059186
3622810.4856195454
3619470.4928532303
3619225.017529844
3618575.5456073764
3618354.0755904624
3617967.8883016887
3614111.444070623
3611632.3836904643
3611232.1751859365
3610111.7387407185
3606080.363655369
3601041.1692781853
3595541.310107911
3591920.001373907
3589633.28892601
3588743.1935276077
3587565.2894094447
3584056.8789894264
3581413.0846492983
3578665.145268599
3577867.8244280824
3574553.9728213423
3574548.0088885375
3574339.6072661458
3571149.6723868973
3569817.1791982283
3569247.827738191
3568244.1111933603
3559322.374444621
3555174.5810897783
3553585.52352521
3549041.7389813084
3546276.9212818504
3544074.072222451
3539031.3089201027
3538637.1594656673
3537190.9576385343
3536712.629737885
3535996.7301107496
3535244.0691895173
3535028.2676100032
3533964.809484785
3533200.7669950477
3529266.6664076927
3528023.026192795
3527085.6668599606
3524684.4568566196
3522042.6275322963
3519395.9294279967
3518062.4607054535
3510190.749594541
3509119.6724156956
3508018.2236381797
3507555.5565781514
3504046.932220752
3504002.8235068293
3503490.0947860167
3495394.8111978327
3493763.082312621
3492804.8556542005
3491193.0007705768
3489866.320298506
3489706.368569751
3489588.714010508
3489281.7821828485
3488598.8665633434
3487647.532955611
3487662.3366147066
3486753.871620844
3484230.439913163
3479710.7810727037
3479105.1918956344
3478480.6021137065
3475326.5345830526
3472021.0922323274
3469141.7048536935
3467536.9944327716
3466130.7883667853
3463205.6755448785
3461311.293212195
3460874.638273016
3460195.413404205
3457249.979838341
3456907.261554558
3450548.358689703
3449582.421824724
3445064.1286826637
3441061.212644704
3440905.280978657
3439938.0252983356
3437851.7108482113
3437710.697281451
3433791.574647114
3432486.7384356055
3432130.393244725
3421103.8926759576
3419480.708523555
3416768.9146903176
3415723.096556911
3414561.2069107853
3412607.741984978
3409393.7970399987
3408047.1806089985
3406930.2620918313
3406332.1011232636
3404920.588586223
3403133.3194808937
3400993.4178342363
3398848.0790990805
3398664.011044923
3398022.707066017
3392425.3663856676
3392395.4547202056
3391871.3070967714
3391789.331936987
3391044.1645514914
3390377.3545998293
3390204.6451079254
3390082.927020585
3390009.766692409
3387754.1500703087
3383425.5738774803
3382434.7542396924
3380962.282981614
3377721.3833867484
3375551.9604254346
3374520.1937241764
3374291.3709923592
3368869.444097481
3367628.2396016857
3366711.723216783
3363070.056186912
3360740.817948659
3357472.477839061
3355786.820111813
3353888.925255766
3353867.3296438335
3352170.3652364835
3352051.9254916473
3349168.3003722266
3348947.08060282
3346810.4469828336
3345016.5911467965
3341916.0562137496
3341671.0908778664
3335407.2561179656
3333762.725352261
3328775.7919464856
3327249.468162402
3326105.0437602447
3325105.89541279
3324678.0343180103
3321954.2096003694
3314472.095872295
3312340.92880107
3311775.4605131014
3311601.377001968
3309593.0488647167
3305709.0235755816
3305316.8554866896
3302392.176068986
3301120.8017737744
3298736.1921757874
3295318.706864344
3293958.0844704323
3290934.0166623523
3290383.456216238
3288034.000320017
3285035.5675478396
3284396.859413847
3282200.8245116337
3279722.3436389435
3278971.350441679
3278708.7723558415
3276115.4469282674
3274029.260178972
3272970.866154759
3271247.278729955
3264310.97514731
3260426.7443566094
3260233.875748622
3255303.071115459
3254030.08213284
3252478.699199957
3246854.8390199384
3246502.597665218
3244136.4662301918
3243667.7010998502
3243233.3923692736
3241659.6451570177
3240722.39583163
3240641.437014882
3240451.303576236
3237017.081118145
3236062.9782475852
3235515.569635125
3230794.0381489685
3227790.7776033753
3226269.394125821
3225638.5879268567
3222823.734827288
3218833.502052492
3215371.094266937
3214053.194468047
3212500.0314317024
3212424.198754745
3209625.6062316317
3207747.097807073
3206586.1697578584
3205820.639774231
3205809.7356356145
3202291.604894199
3201829.143688057
3196433.2725137053
3194380.261915263
3193239.7261108058
3193201.8403427936
3190088.9378484306
3190108.4203838464
3183065.487155488
3182417.520455014
3180780.5737907435
3180294.579852252
3177756.682256528
3176569.189577563
3175060.8226081957
3172593.6699602166
3171974.277888326
3170745.6742404285
3170268.93158533
3167571.805798883
3165092.3586790697
3154182.6920268754
3153283.6662783124
3151710.1939125494
3143645.0268669133
3142047.560997444
3140430.252885777
3135365.980280834
3135151.1416065865
3134535.597178771
3132607.973828318
3132046.320141141
3131759.806244579
3129693.9967995463
3129418.5547963944
3128765.956125598
3128671.9711313774
3128362.5790859535
3127580.001298202
3124761.52799849
3124562.591619145
3123968.106165097
3123065.64402641
3122267.2296795044
3122251.8389557693
3120762.55482418
3117400.952144819
3116708.7809918565
3116076.74256378
3112061.1706431704
3111734.220669459
3103012.970001278
3101847.881009005
3097234.233631026
3092936.044495441
3092740.1372835077
3091161.9555426612
3086074.496570219
3083628.2780476613
3082668.9444197905
3082258.8811155967
3082034.745418707
3079496.6185603403
3078445.5288202073
3077223.5728811696
3075835.151779945
3075127.7717778366
3074759.335689433
3073679.7240603343
3072585.8415073953
3070648.002665015
3070481.0626980304
3062567.831668061
3061380.9416528055
3058295.8945061215
3056079.288793353
3054671.5893982965
3053499.1173102497
3052039.8745397674
3051114.1830855263
3050228.056404025
3048457.970080623
3047482.9899967196
3044878.7138764774
3038889.448820746
3038838.970197104
3038143.974528099
3034718.9639557945
3033727.0739228767
3032879.0125003057
3030969.1598529234
3030193.494612646
3027886.166635595
3024928.9912780584
3024775.1949341167
3018107.770317811
3017460.337832194
3015594.3979326244
3015142.8677921323
3014748.3063873635
3013611.5703239804
3008543.7880204613
3006345.9469722323
3005259.4005984487
3004523.9060168536
3001588.0623677215
3001105.8007416483
2999302.893763844
2996266.313538017
2993683.109422351
2990794.8843499767
2986897.757133787
2984749.267867983
2982254.840569695
2978566.968241567
2977786.301982602
2974199.042170583
2973650.8092579194
2973301.0517812106
2966954.045001729
2966117.538362167
2963390.6904509827
2962221.8085563015
2956785.712443624
2956742.8909547236
2956567.6342750937
2951729.843420557
2947763.3021157365
2947638.726945093
2945124.879392429
2938606.3176145195
2936790.566868896
2934428.109126948
2934117.2115864973
2933906.95476227
2928622.227560027
2927884.0040952493
2925026.7431646204
2922837.450564434
2913910.308476516
2913569.599192479
2909865.3708701045
2905086.2302286946
2902376.3152009426
2900880.893712124
2900634.9551099306
2898533.408278499
2898159.544909419
2894088.1452898798
2893487.5746366987
2892445.52995315
2892186.427409854
2890183.524474876
2889829.1464329646
2888598.434465315
2888522.865799177
2888412.1081640045
2888403.041477058
2888338.8968744907
2888151.6629918115
2887219.2089066547
2879856.436287235
2879152.2456189846
2874239.612031113
2873173.2176039964
2873155.0705429083
2872810.2986197495
2871289.1160403495
2867823.327871088
2867158.9344015606
2866789.2483109543
2865221.4492179393
2864432.7161052707
2859201.7501705787
2857702.791148145
2857650.0308355456
2854075.290293179
2851010.2327139485
2850669.178152451
2845855.8746402985
2844912.604030999
2841142.4187445026
2840795.812738016
2840590.3489057845
2839556.9150675875
2839449.053939333
2838122.023515525
2833927.9578899937
2833228.582578719
2831780.8942560432
2831244.6311073485
2827904.9291009116
2824644.599740537
2823499.72236305
2819874.3537863106
2816354.3508624868
2814656.104828738
2812962.8123377557
2809689.4368266277
2804139.7518997886
2801072.567778694
2799321.755413097
2797880.1580900312
2796595.200644218
2795753.4177557263
2793741.7973533543
2788097.993111219
2784737.020193253
2783167.6423787167
2781467.5011952114
2769880.8419375895
2767816.453450762
2764787.0554790213
2764157.676510405
2762051.377601422
2760490.3077221755
2755470.8794228523
2752981.3097615144
2752732.3021621187
2748616.5942763984
2746561.6920314585
2746454.4459342407
2744472.448184494
2743458.5356601565
2742695.8981991583
2741385.3918290297
2741077.403128601
2740940.176773205
2740322.9977981993
2739140.1656431956
2739108.4433584725
2738505.631411435
2737941.8730852664
2737238.6668719132
2735143.7038872875
2733994.617433718
2730620.548944651
2730615.286728517
2729912.2260718197
2726800.262166059
2725273.363355614
2720071.816368513
2719613.1847370863
2718642.4122920483
2717643.875990143
2715806.5476424466
2714932.688630612
2714178.922467636
2713666.363605231
2712032.97181975
2711951.202231241
2710635.045749494
2709931.1893259934
2708852.7415802185
2706061.7877864623
2705923.0787272737
2705275.1171308625
2704302.7459153123
2696139.991381693
2695746.915422198
2694179.37354215
2693347.256789473
2693311.5955586634
2692989.8418815895
2691966.6803893773
2691478.307947755
2689044.606182515
2687642.7491358174
2687071.2921260037
2685650.4017461133
2685588.333153134
2682510.1905031838
2680590.7192545496
2678686.0619288515
2677001.9019217393
2676617.004334336
2675820.8884706814
2675815.5001464253
2675135.557958106
2670595.3069995493
2670413.6738386145
2670000.6692029084
2669645.1003437517
2666872.249893716
2665369.4223526926
2664135.784141301
2663673.333754843
2661746.9405374727
2661546.690591785
2656305.544159842
2655242.1100451713
2654477.9030068666
2649704.2948440313
2647003.198532514
2646506.819962158
2645329.6058204784
2644513.766735638
2643829.293717463
2642925.4074206883
2642750.1725482945
2640993.482588016
2640120.613874268
2634137.217538162
2634045.661201266
2633716.5652683084
2629133.6741012596
2626496.9295424507
2625101.7335797646
2624733.923686352
2623408.812844864
2619128.5600451343
2618564.1055201557
2617760.1239091544
2616366.1739408383
2611849.223171687
2611780.5873057414
2611506.5338151865
2611317.788588468
2607141.743945101
2605573.7542123804
2597144.851680454
2595114.6218939507
2593921.9759249995
2590669.4679489112
2590570.7754221195
2590015.637298993
2588641.801878877
2587135.626973669
2586541.811336628
2585652.536713541
2585274.305869068
2584768.3057653345
2582080.753239099
2581176.6010596617
2577441.2785865506
2577334.857324661
2576886.157988908
2573577.7700003153
2569811.7060849555
2568647.11936352
2563695.8168895775
2560272.665577354
2559911.9675847227
2559335.6201978815
2556690.9525199546
2553077.913845983
2552902.6192541127
2552561.4746324946
2552512.973116449
2551984.904460013
2550904.733604274
2544933.9177111126
2541977.351815026
2539456.0996361994
2538465.3043549396
2536173.368918245
2529421.1035560723
2529388.0555370874
2528231.934006441
2525753.769944407
2525188.2720501344
2523830.4496995998
2522552.0483639413
2517735.9259512806
2516063.9992639837
2515432.4974370855
2508857.9646073426
2508685.85217153
2507212.492362234
2506437.1614195616
2506344.5613142196
2505488.096954176
2505137.444310641
2503639.2461763215
2501450.6956217415
2500335.6214377945
2500135.4799948004
2499961.8568776795
2496828.356361773
2496080.1063671154
2495100.395123424
2494521.333094335
2494314.63032537
2493970.4818658214
2492383.1034005536
2488452.178131792
2486939.7207866944
2484762.7628041795
2484227.670464735
2482644.16776461
2482384.2674774984
2480549.1069457126
2478061.5832505305
2477845.2059157873
2474704.5508369096
2472982.601687407
2472611.727102149
2472326.390967656
2471416.4566241726
2468958.5571444267
2466441.984130588
2466419.251335895
2464255.828447148
2464064.173288484
2464041.083723149
2462393.0606294116
2462102.580951028
2459870.446083093
2459326.8428119295
2457515.130186208
2457497.853193983
2456214.6889934237
2454373.849165219
2454380.508098262
2453878.740842168
2452247.2364094444
2446866.6906170496
2446726.8503009547
2444058.701624608
2441010.976747754
2439628.9442115203
2439413.596196502
2433953.764713971
2433497.1379458955
2432360.8284154404
2431137.8626153106
2430683.3024421614
2430407.4886832065
2427105.434636997
2425987.404385523
2425146.081693247
2423932.7071369356
2422807.2960582166
2417414.0234165182
2414380.512761811
2412651.613856522
2412596.4977430315
2409866.5776274796
2409806.588966295
2403767.2208527317
2403399.740699388
2402663.521646105
2400995.4828983964
2400989.434164204
2397739.120302657
2396779.461412521
2395003.6504652034
2392743.91062604
2391208.4129195106
2388177.431707252
2384551.3591554007
2382743.295553605
2381662.06761026
2378395.23837758
2375086.823421395
2371529.020733469
2368155.069956826
2367919.997541416
2364754.703156012
2363566.7279198957
2361958.103436897
2361529.308198115
2361277.877864008
2359324.56133968
2358223.0839819973
2357608.007286595
2356588.9609122826
2355229.723272057
2353489.2903116206
2353080.8703778475
2352123.371526599
2350432.21844644
2348596.010710024
2347916.076480214
2345154.8743056804
2339431.707698888
2338883.319556903
2337376.8090896425
2334422.879946278
2332603.4909325927
2332493.267708592
2331618.572134515
2327732.4125301023
2326710.9121704465
2326588.191701304
2325753.317664549
2324942.177406249
2324098.3811864574
2322030.478458933
2321980.6588756912
2317208.56968164
2314097.472506592
2312511.2624856485
2309631.0704014488
2305694.914747169
2304941.0978194945
2303891.486367041
2303407.395845775
2302371.324699909
2299823.9835639545
2298729.7318437872
2295131.8530951776
2292808.880207997
2292028.0730489213
2290103.060457642
2285917.9961325605
2282164.5589065864
2277698.2078136667
2276544.1526464205
2275458.300910982
2274128.4290023865
2272792.173073818
2272163.268701533
2270307.555143112
2268407.246448596
2267646.775173326
2266515.0804462754
2265265.6746610464
2256198.6537246
2255972.8624418774
2253039.145300732
2250093.353190165
2246281.3272830644
2244566.040303007
2244111.731294173
2243343.6151225995
2239756.035667981
2238331.076326351
2237879.167563534
2237073.585538489
2236152.329567734
2235872.2279615547
2234991.0428332635
2230659.433363235
2229850.4102572436
2225892.724492396
2223109.6755339876
2216975.1145869736
2216197.5831893478
2214727.8628644897
2213603.903942697
2213440.0150307682
2211679.822926379
2208261.6033388292
2206821.757330368
2203860.2519149906
2201652.027115704
2194193.7965171686
2190119.004264933
2188956.500227803
2187671.9155331943
2187422.932019826
2186997.620955779
2185825.423396554
2185383.4589509955
2183453.6716196565
2182919.3769336
2181740.3357845303
2181736.388022739
2181208.3211178365
2180198.271476052
2175781.208515215
2173733.2318351623
2172952.6982831233
2171962.7473533526
2166957.6387865823
2165402.8940000343
2164916.361706628
2163727.4932545666
2162082.473185964
2161440.28639298
2158364.1696318192
2157619.2211452355
2154743.5517913396
2153302.748555761
2152810.9068965134
2151078.486134008
2148703.035375812
2148697.2231028145
2147258.466832315
2145812.104954319
2143756.0077331294
2142691.4756365186
2139773.341318999
2131987.3806887446
2131542.8269555345
2130661.6645785654
2129862.8453436377
2128589.0818377608
2127890.209298685
2122851.9615901527
2118170.5742124915
2116019.1744820466
2115584.756237412
2114390.288123696
2113831.1690243017
2113061.8477222444
2112190.2078786287
2110019.5010662316
2109261.3486196133
2107569.739000948
2106388.8444449
2103612.6474105017
2099829.121573705
2098164.510832936
2097778.8136804877
2097290.0885100616
2096120.624784891
2095497.9933796863
2093706.8479632358
2092902.0600803585
2091863.7965114089
2091395.918897093
2083982.071385226
2083755.269387935
2081952.532041687
2080445.0090013198
2078264.9916335186
2072127.3176135153
2071694.0155053644
2067683.1101728247
2064906.5179912336
2064474.0144404697
2064292.6182594146
2058805.670910796
2058615.07103809
2056194.331806114
2052230.061019931
2051878.4799146038
2048856.970913704
2041871.522445411
2040953.9710822434
2035483.03643922
2035292.6458294326
2034980.3385289414
2033336.739245533
2032655.1597464543
2031462.903226085
2030746.9792017923
2028346.9727996648
2028076.6515126543
2027162.9481189332
2026207.0330367496
2025581.6088804947
2025085.3366852852
2023590.9319703975
2022729.4983230575
2022273.6067128584
2021171.128549582
2016631.6885572984
2012097.3041713522
2010781.5422672515
2010641.9765148852
2007492.2535193875
2007304.2876220236
2006819.0694989946
2003691.2243797767
2002865.374559574
2002398.0741450891
2001653.307399484
2000330.5648323197
1994961.928463962
1991166.2729947811
1989468.4597462674
1988900.9699029522
1988848.8969459357
1988403.3614550116
1988105.230050505
1987350.9767553215
1985317.194108598
1984778.3111943717
1984688.6484740449
1983889.2552148597
1983627.1205689057
1982726.8327010814
1978628.1889019317
1977682.255754198
1977380.2153421005
1975094.8700307992
1974603.4236851274
1974295.5972530493
1971027.8757917308
1969610.122909935
1969159.8634289375
1968406.883441082
1968103.4425595235
1965715.5730151797
1964887.6126324877
1961584.8235619557
1961271.1673697035
1960806.2780258507
1959157.888909544
1954315.9956390474
1953669.5078840223
1952510.5296391947
1948839.6180893464
1947141.3510201469
1946714.9426160622
1944483.3900032414
1943486.1144490528
1940834.778444582
1940450.266237335
1940252.8387607099
1937280.4304286537
1937177.0711401987
1935488.581058683
1935218.2683744119
1934617.5414835368
1931388.9008355911
1928845.7941930331
1922409.60987005
1922038.5080219123
1921917.0296769245
1921335.8718401669
1919110.0705425618
1917317.19798217
1913624.7489817422
1911247.317088727
1911102.758573175
1910599.3474621587
1908712.4973792357
1908469.6274398593
1905879.2551051825
1904948.6536844948
1904497.661123964
1904314.8394453237
1901466.7431404775
1899575.5557267745
1898621.145388748
1897865.8669075347
1897639.8484999086
1894626.7826223534
1893281.1962785614
1892582.0457938141
1888591.8266873036
1887405.5222640578
1886973.961729498
1886468.3130438412
1885825.7363985234
1884848.3642031655
1881937.3169805428
1878083.737194813
1876087.5721158797
1875977.1633646206
1875963.2978936865
1873348.433582098
1872436.3061371634
1871940.6047888012
1871916.0156027758
1870986.4918540632
1868774.6919422268
1867597.7879586145
1862809.451277715
1861329.8321403307
1861273.2995350899
1861224.9033537535
1857838.5438462812
1857796.9707131463
1856395.646509598
1850714.2197442
1850637.2697478952
1850585.7833238782
1850440.060793087
1846439.219223616
1844615.9419876453
1843809.969270474
1842865.8825584971
1838379.078174144
1835702.203290719
1835387.5158020037
1833282.1107716484
1827125.3235715968
1824305.1086122596
1822665.6187749624
1820634.635471177
1820182.6437582055
1819921.553780492
1819084.2733078212
1818731.3920014289
1816810.9112426322
1815742.4310894262
1815036.698839652
1814981.3896407587
1812953.014681001
1810925.0191375015
1808473.768586423
1806838.129250839
1805557.93306636
1802455.0321443886
1799882.8113634207
1796473.8719919228
1793865.2211364394
1789780.7817541126
1789406.4505066017
1787878.8844328946
1787035.0719736307
1780405.2886983322
1779827.5745262853
1777764.7592769538
1774987.6240665985
1774740.9744130508
1773181.406397792
1772852.1460861436
1771163.551403368
1767914.6323430904
1767552.8586239966
1767551.9575732972
1766074.134387286
1765112.1725988383
1764274.5114274595
1763047.8987740118
1760815.9932526988
1758597.767639207
1758172.7747003967
1757598.2180003505
1756970.3858314373
1755607.048256732
1753983.867690724
1752748.4568083475
1752531.8747899528
1751749.5992403333
1748496.2775264
1745491.7571115098
1744413.8793990088
1743868.7959017823
1739742.3701381376
1739264.3074055498
1735809.0412514135
1735709.318213675
1735086.5991485654
1733957.201238264
1733474.7376322472
1733275.5036179305
1732373.5915117909
1731007.0612280525
1726159.8776626887
1726124.6659464333
1725152.3724301348
1723493.8294291904
1722821.3258343015
1722687.7254056481
1721358.531355241
1720439.6409109007
1718725.9805712968
1718123.5893218673
1718115.3249613498
1715903.1505860058
1714905.8715618972
1713686.7683456126
1713530.120566194
1712987.9835575803
1711294.4738602117
1711008.9925334873
1709641.210418535
1708577.8087077294
1708008.3581971424
1707295.3377329484
1707173.8710119599
1704630.6423876677
1703161.8747972941
1702085.4899724917
1701709.9678268363
1700185.3510433368
1698033.4859693698
1696805.0855787948
1694276.6033311237
1694099.3477420649
1691639.3949075912
1688310.7668956595
1687979.3162036838
1687624.1006397677
1685777.3133052175
1682698.5540918524
1681902.5603374264
1681774.4590923623
1680981.8765719356
1680947.6485233132
1679786.7874634196
1679632.1245590465
1679632.6331129894
1678889.9821733257
1677860.7710327837
1677552.6342395844
1677353.800866753
1676249.891001373
1674492.910646869
1674431.5900063878
1673246.0041719102
1672850.2346402204
1672664.1439723263
1672014.9111374207
1671568.2390601952
1670864.961288726
1664801.6812405654
1662929.586312471
1661897.9016155556
1659292.9882337775
1658457.6148627284
1657286.4202505492
1656375.6370825293
1654360.5038191653
1651835.1850552321
1647290.1028830262
1647040.8381809043
1642481.6808344517
1641319.568175709
1639499.661165823
1638775.591988716
1637354.3242925953
1637055.6009932566
1635339.9799283538
1635312.2124623768
1632464.6765300615
1631828.6060862488
1630212.0993756037
1630085.9917155118
1628798.602394672
1628559.6586053167
1625605.6622788822
1620267.1993320766
1619372.311424573
1618286.3671971865
1615360.4830276489
1614408.4513857581
1614238.809961311
1613714.904479509
1611715.4777253948
1610349.761764607
1608728.4494359863
1608651.173749506
1608609.0271874333
1608077.375240705
1607661.9255383604
1605866.335574363
1605705.557559806
1604675.6993152534
1603617.5684873664
1602854.8418154495
1600410.6455819106
1599402.2274617648
1598627.343464701
1596952.9847739728
1595903.7307116473
1595717.9557413964
1594771.6929720182
1594597.2787482091
1592537.561590315
1584049.3039192513
1583393.1341082423
1578233.0870089808
1578228.040450768
1577664.6552150953
1575020.49633145
1572762.5180485644
1571998.7038532407
1570442.443449854
1570346.468234961
1565771.6098742282
1563294.3558797261
1562883.2351022214
1561461.2148080228
1561009.2652340275
1560072.794736289
1557524.8828044652
1556453.0491393658
1555755.031323631
1555626.4767064736
1554331.4484753772
1553078.5396489794
1552776.795406691
1552347.4686605488
1551125.222227202
1548083.393705898
1546486.8762465278
1544850.055233336
1543689.867679475
1541000.5036098182
1538739.4646706465
1537931.3772917967
1537205.8119481262
1534384.26768862
1534291.1525959421
1530869.7444084813
1530011.4972251758
1529586.3669141706
1528519.234794664
1527916.597506475
1524979.0775922597
1521308.4747879151
1519947.0423879747
1519681.3585406034
1515593.6609860135
1514402.0034143867
1512171.9770436175
1511038.8412702095
1510861.9581421146
1510249.0821797925
1509525.104107757
1508789.3834937257
1507760.7834326893
1505236.2301485909
1505160.0425484127
1503527.0671806482
1503403.8076276793
1502854.273424582
1501180.065260284
1500932.282800175
1500829.4575709305
1499896.8166703144
1498654.9020389665
1497516.8642691514
1496937.8989601848
1496768.8342211114
1495740.637784356
1493929.9188219043
1492914.1451503788
1489451.5100763324
1489368.0789009333
1488857.0556518158
1488376.7225049108
1487871.231210231
1487865.5636366117
1485389.0227383513
1481670.939900444
1481520.1260729497
1480621.3969472332
1480491.988257497
1480043.853384236
1478270.101804144
1476576.2562669325
1473692.0316211737
1472299.0639004363
1467664.7311714364
1464649.2982662795
1461473.1332863874
1460583.8406046152
1460194.7095591475
1458338.2828559433
1455893.3538074268
1454252.8012871942
1454186.389665578
1453437.0277424653
1453034.5737628762
1451815.9701920806
1449667.340428674
1449318.863743673
1447606.3879873084
1445864.06703985
1445119.2570378403
1444382.8910156142
1443918.6040838503
1443431.1028589932
1443147.1474068009
1442477.782266197
1442253.8795395198
1436827.0688132313
1435178.220822728
1434092.7913330826
1434103.1575876914
1433979.2237037665
1433277.690623678
1432684.4126292951
1432665.595890068
1432189.6960106606
1431686.2934487665
1431599.5681150511
1430342.9361690786
1430281.416940274
1428030.3187074014
1423033.8991662287
1422888.9135043554
1422044.0578446032
1420906.0310059818
1420596.882516535
1414649.849967037
1411552.4341862148
1411339.2072480025
1409797.1970372696
1407038.038931209
1406470.4857965824
1406291.0620752573
1404577.266839911
1399595.7412093976
1397898.4888090154
1397153.1417167364
1396825.28826291
1396705.7582021975
1396435.6896918276
1393376.035919175
1392596.4913118484
1391713.94066487
1391688.8222652848
1390806.213065409
1390556.3478574904
1390097.8433005193
1389145.8745080247
1389080.2152250276
1384429.8124001275
1383811.2255817722
1383308.0365763528
1381756.6341391879
1380053.316926548
1375379.6158668066
1374393.7711116478
1373370.1427665355
1370802.155903953
1370464.0792707694
1370424.337973058
1368147.0711135815
1367904.7454358728
1367237.4255408237
1366865.5904426614
1365971.6331496788
1365818.2545884226
1361102.621079743
1360668.9733967376
1355798.9393976303
1355508.3480232293
1355472.6035175286
1355061.617921155
1352762.923353001
1352675.7767670103
1352500.3743439289
1352276.3210152842
1351174.0649994495
1348327.9472480037
1348291.270551846
1347740.5110852725
1345191.5644722823
1342492.5879399679
1342322.5790399387
1340417.1350557825
1340220.8207396064
1339872.4114593493
1338378.1323464247
1338302.463681979
1332288.8407857232
1330989.2372912539
1330651.688446463
1329316.6581636542
1328964.1189100998
1328897.8545894378
1327779.5491406384
1327321.4984018079
1326477.7631056842
1324979.6652473863
1321427.381759767
1318290.0765623548
1317683.3950573518
1315982.8500364502
1315739.1994847683
1313156.1167046512
1311215.9982437128
1308795.8402349995
1308758.1326319415
1308316.9455219992
1308327.1087351553
1307394.8987258119
1304381.6373101848
1304218.5083943552
1304060.0836448362
1302599.1720568119
1299685.8842472483
1298241.6412499114
1296696.4684510261
1294790.6169932787
1293058.388977116
1292675.46548693
1292576.0088657897
1291819.4601402304
1290262.722908749
1286915.3769223108
1286521.8818205004
1281196.4544099455
1279611.6855663843
1277793.8882640642
1276578.6951091718
1275941.6182074377
1275070.1126299903
1274520.8152587726
1274125.1506799278
1269637.8599921258
1268479.166803358
1267269.8396234298
1265582.6160874534
1263970.4342406127
1261177.884104716
1259676.1971068154
1258320.1307603598
1257882.5945923831
1257410.278282912
1256835.9648676566
1255776.6126097385
1255032.7632231934
1252423.1395758898
1252260.2359264037
1249287.882586607
1248589.9320503555
1244655.259933107
1244214.3722891058
1244076.0921671337
1242896.0140097348
1241179.7195452873
1238762.6544254299
1238635.8138102782
1236765.2545049554
1236560.329762449
1235359.4317338506
1234770.358419237
1234012.6598385966
1232060.8072920882
1231098.2952082497
1230757.503244101
1227549.8784666203
1226051.5563389333
1224536.4485054177
1223792.8740299565
1223636.1642584244
1222871.9015100813
1222609.841823214
1220853.2172199152
1220725.0585158651
1220521.491203172
1217770.4936678975
1216995.505833922
1213870.7021137462
1212320.0599853967
1208735.0654043108
1208528.7289755535
1208054.3707539022
1207933.4141066214
1207139.011310861
1206052.4493984606
1204024.420987999
1203873.0620151393
1203780.722611368
1201253.0192117505
1198772.3892899277
1198687.4547742207
1197520.1054196341
1197173.4452648202
1195999.0561340172
1195010.8363016904
1194775.7106751418
1194202.2375798214
1192131.5237333372
1191684.776155987
1187885.6246789303
1184866.1189698412
1184807.3392176516
1181783.4797208172
1180334.6978726615
1179104.903643079
1178213.7584505754
1178211.3359337654
1178146.239199292
1176907.8868167836
1174706.1650253288
1171455.4532499486
1170598.245308872
1170491.411500101
1170260.8445323517
1168015.04931346
1167718.8848859484
1166605.548522002
1164810.3175501623
1162978.12411368
1162570.3092307188
1161639.7535245058
1160220.6630554486
1157149.411299212
1152589.3004011924
1151197.438019097
1150079.1326526906
1149308.6703266846
1148630.561857352
1146750.997850053
1146354.4300539738
1146209.898833547
1145288.3548830983
1145267.6328988646
1142939.528228017
1142164.8767785416
1141755.0372850134
1141262.9157382671
1141055.0977703934
1140134.8522014243
1138788.0050166256
1136902.7220292946
1135756.8328508579
1135145.3047206134
1131632.9380949263
1127888.9040197965
1126951.8804845298
1126286.3945135789
1125682.3504819076
1124334.6059240047
1123434.4773390843
1121979.705143186
1121037.1277491078
1119934.9003795697
1118158.8664260888
1117816.110864049
1115794.2448920386
1114646.9428639705
1113262.8053153162
1112759.250247316
1112709.9274648153
1112098.38319128
1110117.5106582192
1109902.1897718946
1109541.573315174
1108700.0448713037
1106993.092701823
1106196.196044923
1105395.495437431
1105120.1096384444
1102038.5993240254
1101202.997300417
1097917.9080273777
1091402.9476540536
1091146.007340328
1090659.7572830124
1090093.559687778
1089083.3183477402
1088473.7658248672
1088093.4066471935
1087323.088756125
1086512.1349443092
1084728.2334211462
1084501.5313649266
1083111.142960573
1083115.4065431487
1082124.0123906673
1081135.4942015577
1080381.1549081914
1080255.6247453752
1079421.6890781787
1078391.5886927347
1078083.2010712703
1077826.3894075043
1077691.9795963657
1077493.7148603296
1076473.6746492167
1072992.9009447715
1072390.4171950154
1071698.8015076763
1071177.1526383243
1067899.4067349944
1067578.6779735675
1067466.5644495655
1066827.7355212504
1066086.3303734553
1064594.4953064285
1063867.1923266074
1060771.3441216664
1060563.526284382
1060060.960226774
1059659.4097584588
1058258.1977006448
1057816.5914489229
1057235.3554884372
1055883.4164041094
1054371.759217998
1054163.5899150232
1054146.681927885
1053378.983771292
1052866.0590121392
1051541.5352428802
1048206.7081775153
1047721.9560829606
1047421.8905959876
1047314.0689543721
1046869.406000005
1046014.3617415279
1045653.8833253811
1045635.2550585134
1041368.341761974
1038603.6703179615
1038578.1951150348
1037994.4241178817
1035763.494928657
1034757.2965412977
1034024.8454390017
1032889.9968097667
1032862.9483778818
1032574.7926485472
1032241.8925237437
1027615.0257845457
1027389.4362173026
1025860.9823050465
1025845.2550796628
1025235.1687434864
1024723.3429230279
1023634.4275096875
1022035.2084306873
1021733.5825226582
1018187.7155157414
1017884.2946887764
1014360.1692226186
1013621.2325103384
1012243.8423852336
1011161.8675512285
1010357.2134123665
1009872.594822658
1006621.6241994486
1004975.8303910416
1002898.7153766893
996435.065460847
995436.1858859112
995320.8461029253
994905.8311977647
994418.2309876233
994169.2318098921
993905.5366400982
991552.1611130575
991431.0684604825
987849.9015120848
985490.9123428909
985031.9098621407
984635.4045499127
981203.8718298015
980860.3803491192
979714.6781463508
978904.036169986
978828.2092705977
977821.9234992748
977325.1464157004
976211.158606093
973842.8304821299
972174.7515914437
971510.5242155495
971093.7952305388
970891.4543951276
970833.2485693477
966866.1866291463
964282.9634216697
964072.3316948073
962999.6028159084
962614.8980563986
959712.6829799871
958097.714361118
957921.9211148403
956282.0932938933
956175.1146923368
955361.7030209427
953336.2517367557
952320.3843228952
951368.5809050858
949776.9602543683
949367.1076203785
948220.8077669381
948164.8263593288
947770.9951245056
947743.2316623386
947524.6321750324
946287.8574633286
944813.272730609
941799.0602523166
940415.2922314518
936475.3315475225
935449.4130958474
932059.7452753532
930394.5897931533
930078.9011341139
929942.8870750223
929542.9472744088
928864.7150113075
927205.5040587004
925569.2503445009
925448.1796310367
923784.843617495
923237.4127567025
921125.8169765712
919651.2730346252
919481.7160959878
918931.5628478393
917662.7422555592
917641.8490767356
917287.7955218529
916631.9193144293
916590.2752231656
914967.5298049251
914533.5839575585
912402.5105012954
912106.0578270225
911387.0817727804
910835.7176579343
908065.6295079916
908039.8429573696
907718.0487993737
906322.5429218275
905648.2061215143
905517.2647035439
902838.3183929475
902708.4838985169
900773.5893796852
900467.39953814
899516.2096114971
899446.2190150986
899100.083088612
896524.0856685111
896233.0381566215
894925.4693600433
893250.3827749207
891486.664871274
889331.0062363478
885910.4391857898
883819.8637916265
883205.3187455881
881477.1625423555
881070.6121327287
880158.5343186483
879715.441438647
878862.8462654173
878706.87483143
878314.8824514283
878052.364210645
877970.9575287079
877533.0354707744
877345.4104264778
877091.094934076
876824.1526669287
873520.7463815248
872617.1454727671
871336.7934436139
867095.6477205799
866861.8425973679
866856.9337183215
865293.3641778635
864099.2945044301
864027.5312995048
862048.2472071616
861244.2070778687
860654.8801424472
858167.6744266243
856909.478384618
856684.1674155431
856667.2331464036
856316.8307149837
855487.7817614897
854045.682872209
853180.3877065894
852220.2217793548
851001.6114631534
850809.40565529
850590.3023955716
847748.3932066794
847489.0635372817
847049.5842122016
846620.1017757664
844657.1967911873
843269.1875810049
841617.2412031622
839993.9051616688
839256.6657167951
839172.3766590114
837498.1584754484
837420.7966231023
835606.2515819562
835284.4371631707
834292.0047340653
833859.5006449041
831808.3141995332
831714.6153887475
831564.0158679977
831140.959102228
828486.4678272029
827507.2533295089
827515.7246585573
826802.295322426
824420.76176899
823034.0395048843
822649.2611938571
821184.7168437104
820612.2715243764
820153.8353992675
819563.29891255
818834.3029989649
818487.5176735619
817421.5807067914
816751.9826065901
816579.7747067164
816272.261114301
816195.6050688968
815048.3977895181
813643.5334979384
813387.9226417185
812118.32473469
812100.5919018094
811371.5910787348
810256.5670779238
809441.7999664389
809226.5477232536
808917.7098848537
806157.503681223
805936.6661528674
805337.0263294133
801819.8996222083
798325.7203213057
798115.5289514349
797677.8123180671
794591.3256979563
793425.5802211844
789821.1794472582
787902.5169647255
786812.6464272754
786338.6222487043
782470.4350076609
782249.317843569
780814.8150617848
780802.1935828708
778879.7213059422
778561.3833130444
776857.8936127258
775229.3668037924
772168.0275702385
769341.6486618962
768479.7783179394
767603.8215133738
763916.3601359943
763131.522541321
761369.660528505
761229.2747761891
760455.9286335824
760441.6877235133
759697.8458555005
758060.0180792443
757647.9011114879
757035.9408516992
754398.3043411259
750620.9466807238
750117.6559112216
749993.8054003984
748665.0022871906
748371.3636125048
748162.3765356296
746299.8267965763
745056.0675319544
744010.4611654682
742914.9263533977
741840.170291064
741772.4257685617
741110.8488025698
739269.6745044279
739246.178419064
738921.1499645077
736547.8730962717
733439.1420164518
732523.2465878075
731912.1624259906
731639.5506573474
730151.9481519884
727400.7730894617
727286.6352297852
726288.0352046922
723483.4253943561
723421.2817135741
722465.5302214585
720863.3913449482
718165.6063011417
717722.3023622972
716918.2883234957
715784.134424309
715018.5049868688
714317.0581381394
713395.4419007264
713084.344422628
713076.2823185312
712871.8111586883
712401.1356386484
712152.7810118493
712008.8693179238
711621.9843064281
711288.9598186594
710187.4275255493
709422.9768997676
707121.3526604446
706926.7460726871
704486.8214370448
702859.0918177598
702710.3799448531
700621.1229137942
697762.6805440148
697740.1425224278
697677.1983705582
695440.497209615
694580.1434641841
693477.2149906674
692763.1947160691
689490.4379013975
689106.7722257935
688738.099020892
686590.8865755618
686614.6108088223
686595.076313942
686610.8846126312
686583.8329039735
686597.5359939461
686599.7964561295
686601.2090874177
686606.7877443235
686585.382152608
686584.4371254904
686606.6170890589
686605.2517776672
686587.6065280598
686614.0066535719
686611.3180502417
686588.0036275482
686584.6901060368
686595.2927559209
686601.9149266806
686588.5412973707
686587.9083605116
686577.0268491094
686600.408005122
686600.358353993
686594.7050447568
686597.0373825228
686602.0621974095
686596.9343874945
686598.0124598498
686578.8246164795
686611.915798612
686572.6579060623
686614.4775625044
686623.4270372961
686602.9940974786
686604.0779804304
686604.3321718221
686595.7098762102
686596.7987496146
686588.8923119608
686593.3928307387
686592.632660191
686600.733442417
686587.3216425984
686590.7131653781
686618.8047732152
686596.5672707396
686620.921888157
686602.6234532032
686586.1845125548
686594.2804401334
645059.7781822026
644363.5927389917
644141.3292570526
643771.1145380344
643738.3385292924
642244.8889009898
638688.6161212155
638526.5990365281
637538.3276711429
636732.5809155925
636461.3328957652
636410.6151322982
636326.0511459864
635149.0269663857
634513.9238552419
632456.3610122158
631790.077054507
631362.7439250975
631304.6347939536
630277.368409791
629115.249021258
628834.5520169724
627820.3465964992
627292.0450434083
625858.5678221545
625185.5219162393
624417.3424190162
623701.6496262379
623360.7620212696
621542.8370403374
621327.6740580548
621149.1050905129
620666.3746046051
620377.3542045092
619639.7219312773
619094.5170309519
618884.9981737239
614154.1441500521
612545.5251504899
612123.203802578
610335.460720715
610066.0528201363
603894.8797582366
601753.7852818718
600225.2222451998
598987.6067159432
598617.3959077657
598497.0947182646
598301.7093325255
596960.2411659287
596924.4180435748
596015.8485693606
595561.5322662
593797.7452068805
592113.9677624899
591710.3390089441
591328.720060606
590545.204436193
589060.7274873905
585771.3392101497
583821.846808352
581743.1349710225
580633.2249076822
580604.9491673778
578454.2286778414
578397.6643989803
577273.5714566091
577020.4691551501
573482.4989000612
573159.3410180936
572813.1565137301
572653.907198877
572563.4748741993
571584.1779404454
570612.7977776419
569810.9906532646
568795.1590361984
565982.7735250382
564783.9482833479
564520.3042321021
563173.7217075197
562394.6034159384
562340.9557183586
562279.9473986289
561951.3934146441
560498.690680954
560095.5813863277
559326.9262249424
558170.2342835946
558040.3136300754
557831.7501258233
552771.252325444
551766.7015621637
551332.6853723467
551301.0254578878
551295.2626658552
549803.2092668462
548941.4322738242
547755.7711667869
547444.010264661
547333.3096519505
545776.4027757739
545342.4521399325
545232.8299035048
545150.4612176631
544846.9233279555
544829.1289422882
544663.8977790183
543272.3737383417
542743.132344838
541246.7916920997
541039.5908472827
539557.3358785734
538165.9554456329
537619.5441050144
537535.0461551247
537258.7557008562
534707.6655725691
533641.8971491004
532540.1476729283
532082.0350973682
531690.3025144866
529777.2105709588
528967.5751647874
528092.2062675689
527000.8952496606
526351.7182809832
525717.4572066718
525119.0301302429
523030.7928388496
522744.4657066736
522463.64950328437
522218.1649206202
521814.56411002734
521771.8654691824
520869.26810809574
519954.029166333
514506.2672803339
513797.55443046417
512671.9537465629
512164.34042901377
510660.56998797326
510453.78639597975
509886.8442577728
509562.2288003765
509432.75852688187
507681.1546499755
505378.183782861
505115.78955643007
505100.65411472577
504974.59916148166
502744.83947227965
502497.91987452237
502310.5273151045
501697.83940273704
501092.0245142489
500768.11003565934
499749.08354690264
499132.56864656793
498072.57416263525
497809.84146780043
497115.4247998241
496567.0934033875
495900.5111565075
495441.414999293
493814.25480527716
493765.92977320694
493446.23709585477
493440.0703469249
492894.5823495354
491080.4657669366
490656.70225487463
490511.98206839093
489726.3744117892
489162.8333079503
488728.60494046094
488481.39740299346
488259.16263581446
486463.8616146923
484282.0271211767
484079.7462880752
483956.99872870446
483393.68747017754
483196.3555403145
482993.04137745727
482371.016000389
481079.89598315465
480549.56869145477
479013.5258748948
478640.07572519075
478133.7445011297
478001.65597831534
477141.1537426791
477149.92989144655
476682.45259306586
476531.9986414121
474702.96247270465
473931.809980319
472172.36080349726
471668.8945506511
470102.74983835226
470058.4429871145
469052.9535497551
468186.0378471545
468010.89504996163
467052.4431029957
466880.7098397258
466610.9777834157
466459.6239418605
464879.3698775198
464814.2023695148
464268.5743487062
463364.83222977107
463353.7174804849
461977.4647641115
460739.9832119691
460640.4724115508
458690.83000289253
455350.661598995
455011.8777370751
454443.0625047584
453309.85790822824
451950.5641025169
451844.6115604557
451717.87997265934
450826.81645589665
450527.16954324424
449984.9205500188
448939.0985538217
447912.68329715636
446680.5237745461
445259.6330015923
445163.4588358575
444995.16551862424
444000.37130575813
443059.28378346155
440513.922643679
439842.80627450236
439716.19799838786
439437.27173764736
437656.969398466
437278.42894966906
436374.76387808536
435642.5861945705
434985.9438020292
434781.2120449061
433892.9632531602
433652.28943703976
433609.0461119396
433171.35485948436
432929.98759472923
432826.25352279114
432773.0110643098
432619.5685021157
432380.07499944133
432185.4036695398
432041.9395469096
431913.1998684132
431278.40366536344
430462.7380991592
427160.4342460132
427061.93675549596
427061.9312269433
426522.75109533174
426464.4329652688
424936.37099634716
424833.05224318174
424209.3119419701
423991.22913357214
423829.71899454633
423582.9846080269
423395.47045549797
423009.83910724695
422855.78105360485
422639.2713059536
422593.6586460924
422088.60467017716
421082.48512747703
420985.2882469485
420550.1407006173
419998.3984965395
419754.8892833625
419626.9946215185
419132.4485419652
419099.492840881
418901.5294432484
418758.58992379275
418231.90179830824
416075.0110260638
414658.553479101
414096.4405354339
413809.84887037345
412848.7462509897
412115.2410833666
410893.5258484922
408843.3896992613
408311.9252989553
408171.1338094199
408009.8181655429
407112.28701970284
407080.4746759635
406794.10864321963
405544.40624167345
404444.7689615771
403588.2790282648
403494.65002367226
403109.08788282744
401539.30405984324
400648.23701324686
400609.7920359362
398252.2053759103
398257.0991008093
397436.8535425914
397046.6207820413
397029.2170019829
396492.57729460445
396485.24447937077
396309.213972802
395592.75665284356
394670.69087858393
394332.6746913054
393761.3996292229
392646.93984911224
392048.4681228235
391497.2373806997
391425.0884909619
388639.18823355954
388616.6518651026
388187.73113848345
387688.2540283683
387316.10025886784
386531.5955584078
386015.1865818672
384963.3310088543
384468.5230819692
384184.46108863
384117.4245792325
383103.80867398635
383080.8815230872
382735.61214745673
382499.21339590056
382432.03815231693
382067.82020176906
381566.14796473813
380740.08251902746
380261.4588295523
377033.2857340445
376962.6599058783
376353.540857415
374708.64198079327
372299.3868474964
372307.1882917353
372184.26934227895
371601.1794613638
370854.36218526744
370246.5265303689
369499.0357812837
369037.73535159056
368857.65354893415
368407.5663017652
368025.9791993416
366562.3463354247
365763.5376004464
365733.3507485247
365283.7828432859
364000.0148966879
362907.97586700437
362303.73400291376
361945.6576944974
361702.52595750435
361636.8633434714
361462.3699021517
360499.73005792376
359651.7839638286
358758.388064727
357890.00947621046
356360.3449504144
355430.35278705857
355024.64162963553
354897.02454777405
354825.11023672565
351767.25940571615
350467.72566481
347432.2713137351
346053.9698903138
345864.61844031815
345813.9008550072
343418.886212686
341893.6887078312
341339.39252672833
340507.72006768524
340065.7210831207
339599.5984699429
339014.9998265495
338268.89339836926
337053.4813061714
336960.94205615786
336878.13913131075
336805.3356547194
336321.71747440967
336053.99795335834
335807.2958518853
335562.05648984306
335532.66350734717
334877.7469677291
334725.36979635025
333698.5359524089
332533.51651736407
332104.91138412064
331767.3672330043
331567.9888338389
331463.9175496131
330648.5246302422
330353.34101640695
329327.7193192088
328799.9190064771
328527.79652753
327983.79572451365
327782.50883371156
327452.6139843518
327013.65890441404
325802.33626611077
325501.6395846144
323995.91626919544
323636.2711343974
322533.5962308493
322130.24823095166
321409.4263433994
320229.601430072
320111.4309920538
320064.85637423623
318811.0409115782
318374.6657480149
317709.23091424257
317663.60989518225
316982.1136844325
316242.3915380628
314817.0844397685
314045.55406667676
313957.51389361784
313456.4653770664
313204.4568888889
312825.5087226185
312649.3176953966
312591.9607884225
312116.1009292891
311761.8718892694
310785.3792659931
310714.35854482435
309160.88069223386
308114.349547868
308104.8552532105
307289.9652073199
306900.45259456144
303738.05539809633
303489.10681572097
302729.10645053786
302263.4169490107
301939.6059482863
301425.3877079421
300649.6978890341
300405.939045946
299289.746086973
299174.4663531473
298410.8138964963
298143.8778478493
297063.0350562302
296722.9062962723
293000.3972589624
292705.0872223757
292167.4740692375
290838.47659761616
289993.2740674146
289622.8204809974
288819.6175622615
288611.5990000348
288230.10805705516
288036.5140308004
287970.51150283014
287441.79208623414
286592.52776094695
285970.09505904897
285167.53582756367
284816.84301018115
284535.71452304337
283336.76846441656
283213.78424360603
282508.9029525981
282394.06047974294
281569.2044076871
281143.2023440525
280823.8088273799
280331.7416134197
280070.1745059532
279642.1305368986
278955.38516100595
277947.68390321615
277682.58636832214
277538.8175903628
277093.17178212013
276926.72059181455
275902.6672771666
275901.4885615799
275539.2130105506
275325.38043127453
274910.33308111335
274632.2006009824
274164.19097273913
274152.2479498513
270845.61284855474
270602.81433459366
269377.76600385027
268942.7054456886
266867.1403630125
265980.2219909441
264648.6559320888
264196.77624608926
263255.6075321777
263038.3459724021
262749.9463633975
261984.41872851254
261100.82047377925
260779.02933454452
259527.21681928347
258686.14983120357
258385.7259853721
258335.12255519602
258126.37433032857
257601.200796807
256348.61026944433
256231.26558460377
255786.98332536774
255443.07578255289
254775.13086742724
254771.54901625475
254229.8410135578
253861.5927516479
253601.7499294995
253166.85537966914
252430.4678622366
251009.50959388562
250733.1586281331
250612.84201834278
250279.25665995484
250127.0244894704
249458.64296872483
248249.91782660907
246973.9658602646
245411.84467130702
244911.11367054508
244897.10679434784
244776.47163439204
244196.3487846565
243268.42909880128
242559.67469411425
242474.34926088047
242120.81331876924
242048.33395291676
241524.0344622133
240978.05530571262
240625.20858186588
238699.90599947
238660.1589609718
237576.59773825313
236599.05190033998
235802.03593468934
235319.1450744393
234621.6871067353
233964.66171271974
233671.1594075535
232966.25797554004
232162.21960682666
231396.00830952544
230762.28623174786
230581.37594807448
230538.77815273736
230217.04314674067
229258.0187973718
228899.04709321758
228790.61388096353
227986.99592471763
226993.0614638282
226810.5786340384
225296.69012069187
225161.57624111106
224938.1152772743
224883.09380673993
224816.3300910332
224089.8177721441
223851.24896787785
223450.24223893625
222725.41431288872
219623.99881448323
219214.13153691954
218859.16643090278
218627.14508727807
218356.40955879982
216787.6453396273
215775.52371071957
215754.47584294906
215072.82119520902
214673.91836301103
213710.71253438876
213658.871453222
213330.97451607697
213192.24513034863
213077.30253721657
212713.69639705797
211915.09853781795
211617.21524923676
210657.9279309455
209781.3177845303
207935.95249203482
207542.18515323396
207381.58314547184
207200.23980613134
206491.7735031393
206333.79733666792
206235.8468309546
204789.3666278657
204472.53144170129
204285.14530763018
203730.06265522202
203271.1798629394
202395.03475101243
202048.37229095737
201084.1872735305
199902.85906887733
198499.05406457777
198447.247492809
198076.39140012022
197719.66007680853
197613.7911947621
197545.416195843
196807.82335259722
196559.6436307231
196311.01294224008
195196.01149856846
195064.63964019815
194363.6896931837
193421.37285925835
193347.29298624388
192192.67395864514
190469.08752765434
190456.39992238276
190339.7646142043
189310.83128849047
189139.904924466
188048.19872820543
187851.56811277295
187590.63852303298
187378.87867286487
186792.95262361315
186647.83148284166
186583.69383818985
185016.0799929005
184404.57276587497
184033.22077126327
183480.4857785681
183405.441949488
183288.57871900537
182479.4016437188
182223.12033852006
181945.31243798975
181292.16192994846
179855.44242137313
179513.76402554588
178335.70570463128
177711.2943097364
177279.329588464
177190.53826764267
176302.41252065325
176218.00787493156
175893.566585057
175706.95230450362
175347.85062002335
175166.1627934743
175113.3300162908
174990.5389249429
174847.68299748495
174247.19685441494
173812.9933754792
173575.3426933673
173480.40150578984
173316.57487371686
173102.53995326895
173111.62067381776
172991.73260655528
172606.24549346344
172291.90163511416
172111.76110272232
172070.1029767846
171728.48856282176
171345.09910967294
169435.61350883154
169285.27863835765
169048.77852660703
167984.92435495905
167780.49785112753
167491.68207840316
167298.59996330546
167252.3463261568
166773.85790592746
165670.1940346963
165531.0930211031
165205.76240396049
165165.4767212655
164797.1483895
163835.82379775392
163459.26614189363
162307.07112177674
161772.53863227827
161637.64401549354
161440.4670623264
161308.46043081878
160927.78548928016
160799.890219444
160746.74997012952
160627.2730862034
159875.61440888554
159515.29437394626
158930.88951122388
158451.48064789586
158168.92051263148
158122.04568980748
157674.37650615146
156142.76685906824
155569.25723178327
155374.3507849036
154568.7488216257
153993.73312431164
153682.734484784
153188.94802208053
152762.89455121965
152378.23664765424
151745.8368282272
150907.1574696031
150304.45084972892
149750.61762070243
149153.53882713828
148754.2331963457
148662.23550818083
147635.4327894892
146582.82929530556
146140.1144285959
146111.97294661799
145553.6828056609
144969.6744149934
144666.2366788249
144442.72195476096
143783.77977187114
143148.41304676337
142990.28121544924
142673.36750476313
142257.2791929075
142051.19439268098
142037.92941203882
141826.69287278986
141813.23715350972
141501.34893961952
140997.06478259029
138993.63061641794
138930.02308123978
137952.2171214616
136989.2721915483
136941.51246327744
136217.59494285635
135851.88448552703
135554.04488291364
135440.01571546413
135081.54456234866
134850.46339694996
134839.23450173988
133965.36895263428
133924.03394527233
132936.8537013379
132227.9962165191
132029.64520382605
131257.04613770253
131258.2991321232
130073.47144656375
129658.47325235185
129374.06644348755
129185.41266083419
128839.34927447325
128471.1595353703
126155.40651040229
126132.83992405079
126019.13508224911
125178.82568009422
125112.44940139855
125041.18585391514
124889.12451623403
123845.43208144313
123594.76839294538
122230.8240768037
122062.863468423
121003.18013870594
120581.7296867809
120574.11836964508
118361.42115429751
118310.04366771941
118014.80359147751
117255.10235392787
117251.38038984721
116161.78640362115
116144.55807662592
115964.86656851952
115600.6078984856
115480.61402410413
115291.81045079097
114818.23151909834
114682.96825324303
114158.16154895318
113739.88660214134
113459.55350233415
112874.33940727937
112198.62415433377
111552.88585806215
110929.49634798197
110622.20983222169
110480.59476920008
110292.2204433744
110097.77093700561
109894.66773126062
109328.20370458363
108115.76531047105
107866.94573178365
107496.30043388513
106980.19490121561
104584.01543780236
104298.32582319838
104193.98317055043
104066.951635873
103724.7116483858
103689.83296222328
103674.30187040706
103347.77979071792
102463.22198592476
102157.99203957486
101437.04394388525
101165.6249238898
100833.44091192573
100189.206926989
99217.78911008884
98812.94859082239
98573.00751282948
97956.12743655995
97791.63377741283
97234.77476216189
97012.08422844391
96817.6719430007
96481.96225447433
95870.6096018457
94918.55679406565
94906.18178764908
94765.10871038397
94680.26203315775
94278.02478227652
94181.68747347408
93713.22643343374
93571.97442070204
93003.73983765804
92586.96475147243
91843.10798289327
91785.76776709953
91563.79693585503
91547.4407074572
91309.67809872907
90713.92385268609
90660.83187006053
89586.13277187092
89192.22943794582
88935.11103057384
88644.39019588368
88375.30654963785
88298.30757396396
88066.55801965565
87059.09401713005
87045.74405828885
86820.46209173747
86419.07434770875
86391.70730466499
86370.6048295446
86202.48158280722
85666.37417072464
85184.09963800941
84960.61967059792
84898.09526029689
84730.61235952622
84401.35664747401
84027.75452830637
83901.71022670412
83902.75025549793
83864.96910930175
83750.72231023683
83766.67100992719
83527.94711453393
82753.28223565606
82717.73362401545
82419.34089279053
82035.20181528378
81993.51925562911
81815.98382662788
80912.47765397035
80874.08189795128
80869.70528020592
80745.7074169128
80517.9136741034
80455.48518351221
80038.4399353728
79281.1665791466
79129.92231043965
79098.490805187
78643.42269769358
78378.84745862764
78372.96552067954
77970.62001924485
77807.87618166479
77571.93403218407
77206.8788099638
76982.36760933648
76576.59836362342
76454.61385966917
76146.86188200406
75266.95595326145
75153.12753587046
74519.25989299444
74295.81728340144
73121.72378133434
72899.72871476348
72707.20192484239
72653.13757288014
72525.53366781225
72281.33090541088
71984.74174587242
71928.06858856707
71899.64560162746
71685.01518116044
71537.95125639127
70833.10366938941
70737.00124230392
70456.16531326022
70234.50772010212
70217.83959898503
70080.19145978203
70037.55812727333
69680.25101092641
69090.36798643431
68973.50414799643
68376.87222989839
68093.22680302309
68054.34725780934
67976.49997183435
67561.30979888461
67430.23432433902
66073.48773388013
65982.25636875104
65525.38365824757
65472.96077077735
64732.15683163428
64292.261156035645
64251.697289393
64087.599403285516
64082.05520823354
63942.091842865426
63735.47327783491
63593.015334420226
63346.04663407771
62188.05556862054
61718.734926848345
61624.05775007226
61519.73643292775
61322.22091539674
61123.97965895358
61067.46003895125
60930.2880487188
60904.00814788667
60384.90740805003
60318.177310924875
60069.17385585803
59769.93222907298
58904.66715845512
58690.020988150674
58563.1324977855
58499.15084426909
58252.36977327472
58060.12092948141
57766.078794435736
57674.34584436862
57271.61493030862
57249.69982356663
56383.65346560301
56077.8176866388
55960.21942467505
55889.383035511586
55825.297577586185
55639.88375816874
54944.66660964281
54454.76226583085
54252.33913566797
53947.26366462333
53638.30137772493
52996.67863801808
52737.42255049288
52653.52906992724
52609.91827685138
52439.14649851492
52302.57752319603
52181.77914789638
52011.38697137553
51974.14147622877
51839.213002365854
51597.731972501766
51133.986188064286
51041.44421385734
50630.541661525676
50604.020202132124
50240.471191167904
50180.624121192064
50106.030966878425
49953.41827833808
49583.60266417256
49526.070480124356
49406.96434011472
47972.97891040482
47413.491327025615
47096.74446214652
46342.810472523364
46151.67024798054
46092.51880239127
45913.81586786887
45520.7941928292
44569.598794236044
43402.801523092516
43238.07014579841
43082.954724110175
42574.95221278875
41948.385047426134
41234.751755883175
40938.43971549457
40850.083103461584
40788.24777870589
40746.31089180482
40511.69454408699
40490.92127635907
40396.631198095536
40157.329619926524
40084.093650244635
39516.902299380774
39508.930467567225
39046.90028310863
38679.35171974658
38263.78508473959
38221.75777335936
37854.02520515671
37818.55593386665
37581.61226056022
37459.22210928204
37346.03797575682
37224.52788993537
37110.766044887554
36642.41717152492
36577.42728049754
36353.108407432
36258.96202723151
35703.35300603874
35705.6335876426
35652.11706660132
35596.578236194546
35405.17938329489
35235.05686905198
35200.64728527429
35034.265985246355
35039.23155272709
34796.533708312534
34673.20850104124
34588.11290838451
34328.75793520806
33882.60412254264
33724.16086950818
33686.299578432474
33553.14413874842
33521.04754144044
33520.92854229467
33472.708810659366
33230.70572059439
33061.88838665914
32920.87637770119
32883.00956297114
32869.392335101176
32670.036761252806
32474.10758254445
32388.518017460847
32010.755588722077
31590.35589147938
31457.68973079488
31133.307705616557
30980.080433970972
30433.518843708793
30167.834753889816
30131.270027287323
29682.312698302307
29625.589462271528
29483.63635562715
29144.440825222904
28888.661496288478
28838.592198057293
28682.982971270103
28668.43583501668
28610.58164023295
28139.318264706984
27817.574677562596
27769.59601297407
27562.52032633409
27228.00414177032
26741.377101149355
26714.722425733275
26643.72457887207
26571.10973482698
26213.051261097087
26211.496394150967
25902.885248891846
25634.87300160204
25619.417977515994
25594.28662036331
25156.929594632584
24320.766885297737
24070.575789116574
24048.249061734376
23699.293091841537
23677.00539346185
23635.774620835673
23543.11479973287
23541.53318476125
23481.841570363755
23313.180930727438
22858.01195170201
22880.804928088837
22825.091061764157
22490.459468471097
22398.77973230122
22387.40240471893
22362.44061615944
22043.685576009906
21912.73956859684
21704.296311232614
21573.044118576854
21558.477320564074
21533.61147933896
21524.56048346943
21522.137526047354
21391.0626623684
21274.589985107337
20953.174573727258
20682.29049888226
20620.37037923988
20390.0661480716
20279.85705966717
19975.27183018537
19380.81176001636
19271.30526991442
19224.750249556368
19182.82431630893
19149.3463258474
19081.933899191325
18992.421683880337
18780.207436330402
18743.029672465585
18556.808561213173
18060.56029958607
17464.55946734152
17431.96496512243
17370.174776499094
17317.07812173208
16716.312021724436
16557.17078136352
16497.20217687357
16461.250234627834
16433.502160692242
16024.381441636397
16020.865780734473
15851.386796609344
15793.607007647122
15565.578072428008
15523.295371235943
15465.823710941046
15350.943597531945
14669.221940090725
14568.176300030895
14431.977393101914
14327.221772536208
14235.266368854456
14224.091045083225
14136.349670379675
14106.50394895327
14041.359847375314
13885.490358698456
13800.187566154058
13760.909879330211
13451.81929851641
13331.310086425401
13281.542311956637
13092.028367882958
12876.603076621956
12840.775371977103
12723.63575124859
12277.832558983173
12115.876948594207
12116.153823176486
11848.785836210009
11761.501899037892
11749.174546756
11544.024735227922
11532.298181702134
11397.637085514038
11269.706868888607
11187.56750367422
11120.539871785244
11129.568720065492
10980.615609399109
10850.283861711501
10841.57052883904
10785.116095366722
10794.48561154648
10772.49874409019
10747.29938842173
10727.505437782615
10607.549448069838
10404.111069402286
10378.966050611485
10352.964729508389
10350.57968035087
10089.226128496019
9596.63954465814
9240.679674350691
9072.376862662495
9071.514425044092
9036.220882712365
8729.879332497776
8618.568873131844
8571.935389101238
8524.408949004146
8466.261323386483
8371.139087013134
8269.652419263995
7589.300250465605
7470.997953964891
7428.490962927634
7439.797199358705
7388.36331803851
7343.185977748928
7322.943751063107
7227.920407807004
7165.872527083172
7144.096648688035
7059.228853968452
7060.970746656397
6957.371240705065
6778.42295233199
6581.999118058194
6439.839297981914
6408.1536162020375
6347.253100552063
6339.413412850553
6299.735196021462
6276.31746087543
6260.398555065035
5956.818325660853
5885.316165863646
5773.79231348138
5721.223261710233
5660.265791409644
5626.022079497117
5501.504877769126
5464.247932565803
5353.385896607481
5224.187750694992
5150.7222997827685
5065.54684207089
5043.275822768751
4989.316014495412
4845.136025517804
4844.261468510157
4586.193430597101
4451.5880874547165
4404.921258912765
4300.483680474664
3968.326922024173
3989.4616205795446
3971.0632726760505
3847.6763762030864
3739.7464253809717
3732.4751055702327
3671.8129644602386
3603.938010387851
3602.4131530135624
3544.1302768473297
3531.419493930961
3490.7297516788303
3441.5446234158135
3411.2371887699624
3362.119819832637
3301.960323967009
3035.3500740061486
2986.958406318063
2886.2822549164343
2826.543717613133
2790.4231133373905
2746.5706144368905
2743.3939748864987
2748.5663526933295
2657.6078907234905
2576.689755144956
2567.8928872381716
2519.8649382441527
2474.755277291271
2456.5405840772864
2430.982342895311
2327.5613174044884
2219.958438860766
2176.9537626284364
2142.6992820274213
2161.165943231213
2137.123360906082
1962.5533154474572
1934.326081453079
1763.4389914401625
1732.9954746309857
1718.293713292253
1727.692095453728
1716.7032463653268
1644.4120237766545
1603.9647619794662
1612.3153343769116
1474.2411256277937
1459.702230912383
1433.2793162180922
1393.0536752210046
1347.66507727075
1341.084922280519
1293.7932135315104
1192.2291210187188
1173.0780902997408
1106.8171848142906
1072.7595546297246
1006.9682162542312
953.4558972358758
936.0430395656967
899.4873685837539
872.5286821158701
819.0554264764938
801.6614904561563
809.588215618159
750.197309935804
748.7161025721421
716.5465277474015
693.1678286297238
675.3764394369025
667.400444100571
640.1800100920376
600.4363628629345
579.2171579306623
575.8301227673089
558.8887288571153
548.4904783110804
557.8740006977714
489.6122075395663
468.7409007194035
455.3737036056889
405.49395282082247
388.42198768443876
403.23259822852015
381.66417825691195
308.51780621848064
295.5540037260492
232.31338247800252
216.00318016837824
222.23128980369603
215.9139461715066
224.4281509441768
197.3610950082247
184.1815321420455
154.21706942064262
132.48778058045096
127.58094850484977
118.04484936781431
119.30186292487771
119.19357889588247
110.10458369459188
81.34073894934656
82.0479256335501
70.86583620359288
82.45238255205741
73.02244564852248
52.23335073920362
26.88522310555301
38.88562154772902
15.814540470624522
35.73997542039962
-1.0726032294937724
6.679515240172901
-10.98594446554742
-4.850552100880282
-16.54691843489253
-18.11664140371396
-0.4060770654989079
-7.708682288049109
9.202722676348104
9.157663373250191
9.23016349425738
20.136400239432295
22.42258107484411
19.611891683120035
38.28598377505203
30.35185985243845
35.96642142575601
19.876092167413173
69.76570471580175
58.53268154577178
69.88579407018524
80.68703394815165
78.52590753677714
100.79854379048027
106.96007130534956
124.23254971113249
118.3520739744853
121.72549712231503
130.19057284427862
150.3292751603119
148.62948690595474
158.04259225211266
183.40674820428816
193.15555251236273
294.1006748899943
323.6421028579814
344.0383442198844
346.138675372715
352.1390215072162
363.32460750688136
376.3470272724927
398.2720386999361
419.2931624264377
434.5480937068545
455.188903407678
441.60355646793704
475.11271556799045
502.38284991494635
505.5986217040962
543.153916297556
561.9308201640822
592.6542417495062
585.1268714502571
607.293029596695
630.084327846837
738.2515018961374
718.9158154431917
747.2045751051445
770.8615448526543
818.7468215714683
989.3987939223581
1068.166820923633
1174.4124450622867
1158.3649186478747
1207.852684672334
1266.4766425693651
1405.0540286269943
1484.9782655224858
1517.5994882024868
1523.5755524603223
1540.3429418094056
1542.695639541838
1549.6143540785336
1689.1748065341965
1744.1773465374379
1797.0665871718704
1816.0595651288925
1833.7375419300467
1917.9276542086584
1913.0719805374108
1939.5438348490216
1956.120666224833
2019.873701035183
2124.0159812373813
2228.978958439793
2284.7631730350295
2379.089155594268
2472.6006618565775
2567.5898527628697
2618.9106604834487
2798.6894323188094
2848.6396846497387
2889.5366117029585
2944.7936602582663
2992.968924618662
3120.6841431396297
3230.1183646772583
3747.10108464257
3922.2211801718686
3945.6209772391658
4012.1583669882853
4041.7303019441106
4064.529452739021
4127.407521922812
4304.827233408961
4344.4838220872425
4401.3356090582765
4487.6824568635075
4508.8546758937355
4621.42856031408
4679.500243098192
4680.392443461349
4714.490273769402
4932.385035589047
5007.332951878878
5261.204673408918
5278.467021818873
5436.319750002347
5431.718157593129
5518.485637011809
5544.932968361627
5680.846386563619
5760.318106316634
5845.895101410511
6126.48705240031
6198.764333117314
6318.140449923607
6465.531103850206
6464.01007101391
6525.345413808312
6566.814458056478
6768.986512901423
6831.737356033119
6885.637909054712
6916.887256310138
6910.679583182502
7029.482043171127
7019.217715915518
7092.519034020079
7247.295032096398
7427.559872452079
7571.266149931265
7601.339904776381
7698.857370023361
7819.182417515654
7848.481305683062
7917.697268489829
8010.280177147228
8032.539077481808
8225.240628515156
8314.481960115932
8362.87416508451
8513.267266690586
8588.769884732466
8672.052358010658
8733.77535292357
8923.628949939957
8908.520275804985
9168.133505259582
9160.632965841565
9273.005818727086
9290.647958994809
9587.827517069902
9636.750773055854
9752.352317617691
10146.605828749118
10248.367680446092
10298.623698122772
10405.492197424914
10528.270858623457
10584.227374217882
10675.708569515347
10714.556984468447
10961.148561098356
11044.927728387149
11060.427102078784
11386.650073398267
11593.941965580974
11768.809555400945
11818.688394745386
11980.763335390315
11978.311661566035
12089.753475138936
12279.608442434095
12378.219097103185
12465.089192709569
12475.40364532198
12575.623629005831
12613.492356743327
12659.778234108742
12716.163507882193
12751.381638181982
12811.11680260611
12860.611961698898
12935.54969578315
13069.604183179978
13160.587253638634
13222.081373764542
13308.99506929411
13361.51186739897
13512.049740218454
13835.7051661801
14098.922849585373
14159.309977293318
14357.89686121899
14524.306210889568
14522.459504680259
14683.089241646136
14772.531072780948
14907.071841542014
14941.670319485185
14960.377025038328
15045.933370464272
15538.927606214307
15620.856587664053
15629.453191184914
15727.997779782587
15848.587551175337
16122.243605804011
16226.601782877136
16361.861977056527
16415.51953208265
16557.475214423273
16789.956234490495
16946.922243333098
17020.50999980618
17060.391935559517
17105.419751913498
17182.449225960547
17222.6665067807
17277.54758950996
17675.36029593505
17658.083401477637
17901.138691191667
17928.35016403334
17938.604133646688
18299.21970384983
18511.162212207688
18578.981090785204
18627.945773866853
18943.618358302523
19479.896551870585
19554.229528689055
19587.137752079278
19739.454900563233
19847.79328932285
19857.067906631914
20253.78055718641
20619.958345165836
21035.533089186865
21142.062316585878
21203.035487817957
21493.13151065341
21771.385264241977
21857.291977654335
22012.879592742425
22043.469810777908
22047.131583016628
22453.00329803192
22457.673515557868
22597.78266719294
22626.079680149007
22717.86233659402
22942.313488884014
23124.336024139644
23338.20349974357
23384.39769711352
23677.711471907747
23799.858551261965
24028.108192571526
24050.800364031464
24168.93449109368
24358.215054471726
24426.44658754892
24734.999457619317
24872.792432038303
24938.780322770443
25307.457989116876
25344.73062695487
25943.87107151675
26242.43523962176
26264.324918427577
26522.712106137125
26776.191744578686
27253.962721267133
27333.960544235713
28227.143169743857
28448.60237164569
28504.128685798096
28522.095827539742
28624.29772781921
28658.304958518307
29076.723166664273
29383.6333750625
29460.243776150422
29482.620036683573
29513.77912118401
29680.64317601239
29702.54814982811
30255.218391354378
30348.537249640707
30735.094807872567
30845.85379985529
31050.521593133104
31143.984891342418
31277.053047032066
31318.893106911677
31560.454366076916
31635.208625113493
31785.63061624225
31778.210002600128
31820.5314902618
31865.441842562323
32035.23474359794
32104.282626524087
32356.714943463372
32377.67615509626
32746.320066373577
32843.87939848136
33370.501432099365
33492.970197987175
33527.62924905809
33562.65078881946
33717.1532703135
33828.422993148495
34213.551641740494
34356.53852214336
34412.30836424976
34548.72479710074
34668.90009272443
35579.35465245727
35763.54705734735
36380.8944498161
37034.65450809382
37122.95099826125
37144.566143753436
37545.31611447993
37669.453253671454
37788.44724749141
38049.47300780346
38055.95672153076
38138.27112040381
38812.549982996505
38849.82500865253
39117.584422595246
39100.74516143156
39258.87399647978
39465.17998207631
39767.944069746554
39935.585902026636
40095.700505269815
40224.85583999933
40294.653639412754
40485.102912922455
40664.91582049803
40742.44814538461
41123.785383361814
41244.87966894332
41739.18879284087
41933.78273036331
41992.35679473069
42083.563836571615
42093.17893700729
42317.1808214356
42343.66180324242
42457.958621099184
42509.396017361156
42580.443390399945
42644.35833477198
42640.72831095784
42693.352800333625
42786.108690127185
42951.78964164063
43045.30430595053
43138.52899924701
43193.439966693804
43641.10983229655
44159.25825956826
44373.75030194625
44464.74940496654
44492.44682361954
44605.961251717905
44673.64418817071
44863.34265240467
44940.393796543794
45150.48852616175
45168.66579453286
45223.44984685727
45266.00298158851
45255.63923092908
45342.59401258509
45395.14974513806
45457.86188029708
45752.02981544693
45767.09996838122
45869.86993383673
45874.78906906797
46346.78276325471
46923.63716160159
47215.31803919262
47698.17857948317
47814.13177477239
47985.408655187246
48103.992409224884
48485.771551414444
48879.25104645529
48920.85762719075
49067.21565183776
49216.40043367507
49213.70200602856
49616.83039554551
49700.556294700946
50705.05013924256
51266.4559329465
51654.50625762775
51862.67991644364
52325.12989005563
52423.97825829822
52832.02616329907
52984.19355731495
54325.77655999557
54548.673555687266
55011.968150264925
55082.21079637305
56145.478205153755
56202.90866282566
56440.99654218775
56729.93908352088
57532.8250001807
58134.472516410344
58173.10607401529
58231.89601928541
58307.66691158545
59103.794514175126
59339.82134655196
59689.593940459905
59811.93347619461
60053.82312527019
60084.766182030224
60165.826949722956
60225.4532338721
60635.518165746835
60729.68335470846
60757.99708095907
61712.691733131134
62282.28635355128
62310.76417846291
62485.93709862998
62586.727013265314
62649.292134791904
62856.48677248599
62996.961991785516
63564.36114142289
63630.64566023554
64153.8033121281
64708.93541160123
65429.63237816488
65798.1169988261
66526.10230762418
66778.438986628
67233.28509626295
67472.76739725236
67574.72304801075
67826.07466885181
67848.92271197002
68015.79238279826
68279.20330838338
68322.99837807915
68370.82894187135
68412.44050255326
68514.82161901794
68844.16832199041
69191.12686391282
69623.93936568414
69616.58829367004
69898.85823299804
70720.46295376812
70828.12451537483
71227.87251724099
71978.18223481748
72206.04784032279
72358.26004346341
72595.85998462193
73539.75459252206
74269.14545475792
74655.58708470222
74847.55504032421
75243.49730980398
75998.28363512715
76196.09298332308
76385.55339246489
76756.40394492605
76869.74788186024
76940.18607449347
77060.00277697663
77088.54809446215
77094.32694400873
77568.01323013587
77683.78902239962
77861.9572661261
78636.7021628206
79103.38633828411
79486.40373204924
79820.48656768524
80295.20524808226
80491.15927868502
80502.94563417158
80542.35593326669
80737.30377812588
81396.49845752114
81767.26050423701
81826.86221406043
81821.29947110053
82020.20949722263
83187.46790903888
83493.415624341
83522.17063458421
83618.52979004102
83924.6480039312
84002.22839335319
84044.33311969638
84365.7318511427
84443.55125832911
85832.35750925889
85847.51052506562
86062.40082475629
86251.03881928898
86282.26980663055
86914.41432836825
86986.82200462946
87081.35710983732
87316.7598726191
87630.2577986461
87909.4239346308
88423.2311240212
88780.70460193849
88799.27543050075
89050.65656898133
89487.6212463394
89656.37511714868
90027.00366826772
90976.50858084479
91018.22393303222
91228.3148974694
91632.2125176573
91736.36426963136
91843.07943445774
91967.46073242827
92107.49010141687
92276.6757141003
92427.4109506817
92754.03425937964
92861.60555290719
94304.90219763712
94579.19483451259
94724.23912900212
95783.21039638037
96384.18794430127
96778.51547402948
97060.69742907352
97921.1927194483
98237.824495312
98430.82808245461
100028.73029060395
100630.69474138238
100684.96471595223
100685.31017500827
100723.86281387098
101029.50593710001
102063.02510370564
102933.1375421083
103024.08615619439
103204.16536259167
103372.64445100185
103620.40162639912
104448.45011846484
104882.41484534563
105071.8811025038
105221.04420922806
105585.44878816121
106917.61826616884
107095.0799316809
107307.57026251031
107818.7181894121
108854.32697730068
109517.67142918264
109651.43863780254
109681.30332091227
109757.425587267
110667.71943334476
110978.07944638953
111237.49019220831
111658.47744775671
112019.02023659249
112310.35655251013
113364.8113400645
113834.53362628631
113953.76556944606
114267.48115971859
114290.61450132042
114414.38193562803
116897.6669757135
116968.4436510414
117191.03972166698
117716.32835754399
117936.06060370583
117979.6425723777
118132.94019682195
118520.52944407174
118666.76455186805
119041.23161859906
119282.20486343927
119666.82951743045
119817.28135030254
122186.78029357854
123158.1227966081
123283.4228017067
124437.88075599997
124878.51990720032
124920.39546599994
125452.96261522117
126198.74790467284
126629.24154649606
126971.34962616369
126982.86581944926
127117.47883223067
128168.55912992923
128748.1873439299
129024.13986278333
129413.00423080755
129640.29192216217
129805.7251427005
130210.24591169482
130399.90520755031
130691.14539918743
131136.62692870153
131876.33911990348
132483.4427609423
132727.51494881517
132735.4940437845
132775.1004162168
133950.410346515
134566.4554129424
134928.33792196072
135293.84834038324
135900.7988925057
136242.96383652545
136281.74557477745
137751.279342447
138147.9046075314
138640.0744623594
140201.55717990152
140290.07613272057
140803.94183182463
141165.3306797587
141164.94296653642
141526.72414320277
141608.76314295083
142405.74834159543
142475.1244082939
142962.41055664857
143145.1963211275
143258.78907159655
143506.84910702848
144479.09017832507
144503.82181356035
144587.0488963941
144821.9558758696
144948.47097349341
145133.7829120166
145720.59878168404
146017.10477257616
146521.7040446104
146545.1907814636
147558.52372944643
148281.52927578855
148815.91429352993
149161.97725682726
149322.8480005024
149622.81657084386
150845.3525408434
151597.8427667282
151776.55756471062
152606.05757122376
154206.5706209963
155654.61947284947
156413.1856158909
156830.4383318662
157073.1829729079
157267.24037929447
157371.5560958601
157481.27547971462
158738.30454940506
159022.7821007276
160103.61568413675
160133.67534174374
160520.80951793864
161009.87347316477
161182.95822356682
161312.17929886232
161680.65329897383
161724.28511869215
161931.16746886313
162387.74943697266
162803.3201814038
162927.50649631317
163228.22274265336
163771.7244205256
163881.72591408325
164156.94711985794
164237.2514423225
165743.33146445345
166019.20746244397
166699.8004657242
166959.76982422674
167320.5009907944
167368.1672469317
168454.59185717648
168898.58831075704
168941.01409646875
169217.93783038418
169467.83737953918
170605.84904723015
171555.98041506793
171624.11490417767
171746.10859436393
172120.88398537374
172459.73263279634
172500.4210727893
172678.0320802501
174251.78866937323
175707.24152744183
176076.31863016274
176341.29345359377
176819.90558040517
177258.32312990937
177303.58249067332
177357.6915524183
177656.10282413632
177838.4797148167
179195.51020946883
180136.91598844345
180149.62839356068
180525.55594719504
180789.17206966996
181314.51884028068
182932.69608538298
183219.71478742038
183566.4241968909
184926.94441407203
185377.6993213941
185604.38907168413
185707.22474539792
186565.00107266422
187493.39215656175
187582.31431360252
188332.40569908463
188846.1357655819
189143.98128533797
189364.6316204772
189696.19221980512
189971.18456721422
190175.647704513
190368.47135837097
191225.83980730618
192124.1388283853
193379.430545024
193961.94229681412
196140.6287304073
196261.1388445498
197225.28021882463
198018.0835019589
198094.49645083217
198100.96386414435
198130.39139382384
198398.86892508122
198868.12089877637
199606.20404280807
199797.60555313315
200417.90190895996
201205.34907771254
202062.40419033848
202645.2267247328
202755.91690300198
203425.49088560717
204639.1041049039
204679.55829199415
205235.9759701744
206598.5960877515
206645.85782825944
207202.37285258516
207839.54970704502
207882.7765964895
207980.650857753
207999.81590120416
208802.73810171094
209111.88603950565
209171.93481371258
209897.21000120032
209932.19890176097
210096.9299118304
210546.26928431232
210775.25761514576
210880.34406629344
211229.52828887408
211991.73501127228
212196.99630437637
212969.26873232413
213034.68637919455
214201.65743648628
214893.25714753027
215918.6246999981
216142.17758594148
216239.1235614468
216685.96506681168
216905.36790078197
218536.68969348175
219228.4561809622
219760.28435097163
219958.62248520044
220238.55988872205
220821.14598860178
221753.3494961181
221821.308312742
222133.1738854099
222548.74948380128
222995.67198287867
223653.55684683967
223838.86478539818
224525.11632477064
224571.4912498301
224767.909627861
224811.0967410568
225055.73441862015
226004.44045197562
226111.3378057636
226208.58905537185
226820.54993293897
227258.00020864248
227806.23820145056
228538.87255527463
229477.12266741053
230006.93309011403
230997.6910553919
231928.85873415248
232749.179055083
233250.8447722704
233241.42981945723
233375.50671927814
234247.3043735857
234508.30117293078
234854.86771924855
235326.9689878834
235924.73538751082
236161.38271191355
237074.57099384753
237478.27496881346
238268.99977866246
238760.2998752614
239461.20989490655
239961.822185044
240546.1273990382
242190.70080872855
243409.22430152833
243630.51607973222
244305.97434698694
244517.56751820626
245037.5736517492
245532.39269132205
245540.37538793843
245705.92617693063
246220.71608122918
246986.36265065346
247927.84166973867
248237.26665398196
248979.49156185507
249292.96183615873
249608.47606269296
249981.56684330702
250414.3017869537
251691.78697650685
252643.827460018
252881.02449802338
253575.1736340226
253826.44857254974
255044.1035758497
255311.99526218875
257318.36958732115
257458.2571548546
258792.92070282213
259388.0164657988
259695.24288504326
259922.88930841707
260157.6130200781
260221.96196743313
260257.39266154295
260484.88969408808
262154.484159997
263070.73020164884
263135.20397224434
264542.6267568678
265272.3588920519
266754.85030890896
267228.64352741506
267662.60431156313
267774.25008231326
267925.24148414115
268012.3295651643
268330.2217644209
268591.83455452573
269535.7442366809
269652.80801557784
270460.1372228291
270532.79523794906
270788.02370558766
271714.78574006807
271988.45274612546
273789.280503549
274253.1455998552
275489.1055278404
277307.2738166283
277314.1605639057
277606.42841013323
277811.09110073006
279181.6024836506
279421.73652650154
280026.8644748952
280316.17915217456
280544.34167941485
280749.99571513705
281230.57829552464
281359.66905024863
281881.13934639434
283368.363076732
283796.05274471623
283860.39912252146
283912.1804096882
284887.2131576694
285582.94118839083
286214.3606232236
287742.3314479881
288739.4373949546
289108.2782253335
289783.5472740855
290404.26602794457
290950.74325353355
291630.2894908735
291677.2509141886
292699.9457936992
292806.68056768
293306.5567984422
293827.2834816812
295557.2442400893
296902.56707231497
297762.630990501
298678.4746809844
299504.85878435365
299662.4402513606
300159.4739348374
300821.4571309993
301577.2463102248
301642.6707825437
301766.738909324
302381.76687548525
302410.76479690283
302602.89700911986
302615.6050574396
302914.6238819411
303189.32364049245
303829.7570039818
303877.28902433487
304385.33629812824
304618.1783424224
306204.09337887744
307566.88703340944
307768.3454843032
308970.0769389384
309002.5641317984
310825.0848502114
311189.41362780775
311199.1446469526
311303.18510711915
311779.3679938322
312366.26596546784
313022.26137735834
313857.9480983251
314006.11682645243
314315.77690187166
315771.84979602724
317085.6116904196
317297.5659571895
317583.9495018346
317718.710923743
317706.3748541042
318754.58666664787
319361.0141469575
319564.70529133285
320182.71351181745
320334.4699698417
321497.2565096032
322241.13377535145
322380.6305053877
322575.5705003601
323420.55278270086
323813.74266281247
324361.103160208
325064.55344963056
325236.37889106764
325460.3215028683
325908.9431852345
325896.9359003636
327628.40415627713
327714.1802741385
329144.1378593801
329289.2919411472
329704.32950246736
329847.90981283534
330330.57893928967
330405.64823156816
330946.92474020005
332622.6750658375
332671.42284701084
333555.7398914324
334553.92427917966
336744.42325328983
337569.0930821813
338762.1996144595
342100.93958360277
342279.50292172685
344134.07325722656
345596.08303272905
345988.3893029375
346032.29234704305
347006.93903973454
349602.0596674075
350418.3734222266
350602.7685300501
350626.4217600768
351107.5657991849
352047.7697000269
352081.2114111219
354103.33109365427
354326.2189397768
355297.7936869961
355740.3703867135
356168.43657634885
356649.4205681068
356740.0295032089
356884.1773153472
357360.14119344077
359162.7212483307
359191.27466329065
360947.80275860836
361930.0233631671
361933.75671593094
362609.5502445
362662.9521083585
362682.3839622916
363854.6692107525
363935.30427478894
364059.437729923
367218.56397883187
367334.8424070653
367425.54171674483
367553.8330692862
368542.0738609081
369184.64704483363
369952.0365851698
370261.50565555395
370849.32089352194
371199.9557753586
371959.565824673
373293.6918941234
373772.1989751494
374503.1352853731
375310.58426369476
376234.0942897475
376576.6680230835
376604.2053430107
376940.5002875834
377481.5214868893
377518.44729785377
379650.78463798
380882.8028896992
383350.6996154055
384675.59204268374
385010.9811287309
386263.8802980594
386327.5167377943
386756.60434229067
388615.53373388
389155.3941703823
389502.8287604016
390395.73194175016
391738.8027353209
392718.6268033593
393427.1712850658
394426.8873845882
395429.8584317128
395482.92660796357
395916.73828380083
396194.5123563841
396239.90988996555
397244.8018689417
399016.9312364891
401301.6472787218
403204.71792257845
403281.66924784594
404861.18003213673
404916.4927027466
406002.56951058557
406253.53546845115
407201.9531306027
407979.6595816889
408109.3216917663
408211.11414153164
408964.15429001127
409158.4667315479
410702.8169855801
411181.12059970933
412102.97319463466
412218.29109282256
412613.13171228854
413082.2264858303
414651.2889706585
414677.6132410469
416590.66366395034
416636.1153419523
418797.58183548925
420020.64449598006
420181.3838710588
421518.4508759486
421538.86038106005
423279.6465156653
423413.19969637325
426246.5736289234
426622.65293033357
428838.7897181835
430992.21126322163
431619.7359031393
433075.26147371554
433502.61481382995
434476.10429798777
435167.53159197635
436203.62014646566
438550.8582929791
441306.4658675657
443131.36343537393
443606.5802494446
445321.93381939223
445455.3777815371
446337.31695732963
448093.9022692282
449257.0846698348
449340.14193441445
451746.3462393385
451878.5430791492
453105.10880867747
453858.2070595247
454562.5474643666
455011.3669192123
455095.35434032104
455622.6742666382
456656.27899501147
458189.9512610407
458799.4045776118
458986.48309199605
461271.16320549714
462071.0971431064
462620.8703017408
462726.0954842888
463015.25891506387
463233.1861026787
463855.0520068074
464067.2767737894
464228.4380540756
464777.8341184105
465451.00202822255
465752.9991648031
466646.49326231924
466954.81759757194
467002.0658038985
467273.92840809136
467293.7740490479
468185.15022225346
468649.2066910564
469351.1344202873
470239.66781465046
471023.76266603346
473037.71194004297
473334.9388940613
474668.84922371863
475244.5719509904
477553.81877390086
478622.7787811369
478773.4097143189
480324.5439797036
480359.5854847817
480504.960492331
481310.3611460026
481356.86547436554
481384.63969432755
485939.735884414
486755.1277907204
486779.8777189725
486857.4540106633
487094.554940772
487262.48875898146
487382.9197413612
489247.2748962187
489567.2479260769
489666.00356705155
489855.1053569203
489996.25841105
491169.8218311376
492688.8297757775
495712.6371672204
496296.9882641191
498445.1474378996
500030.6111710334
500662.76372900617
502451.1046022243
503101.93472726905
503441.77035536425
506982.5413130139
508907.9604951566
511192.32222379296
511272.4799956177
511476.2264639986
512712.4855993598
512730.8376516639
514483.81443505787
515490.255112659
516389.28385998524
517217.8295450427
519106.47244048194
519393.3027368305
519626.72008153313
520519.9424421702
521019.11319220084
522283.0406076005
522504.5222774784
523378.72512346535
523401.8415737173
525609.431473902
525835.8998616792
527083.1267348353
528136.3860744935
529399.1593566986
530835.4784647978
533235.7845168614
533316.6331055688
534309.943813741
534900.8386076426
535084.9918157529
537750.3116510815
538850.5701972741
539052.1763968448
540159.4618641215
540929.1222346572
541067.6878866584
541111.8658018422
542451.886743499
543628.5163495718
544832.9995458543
546755.8244417532
548497.2863178143
550089.1433331016
550967.5017056692
551025.5137151395
551859.8749465714
552026.7395779566
552042.6837210179
553109.1818600048
553468.8128425537
554820.3907420897
555080.6146953844
556948.8751645336
557545.1237266584
559760.9085393138
562138.4116378296
563162.3695077565
563528.1843499063
563896.1681140922
564263.1511968158
564594.4636160173
564638.3677001826
566029.9533487256
566813.3891414332
567338.262326762
568367.1096474879
568441.632685475
568529.1242090618
569622.7611747234
571119.9600592685
571129.8391782963
572194.9231523506
572394.2341727327
573326.6308865604
575139.7100801427
576760.6683153507
576783.4837256281
577167.3932042159
577618.2628007208
577786.2034414784
579386.8187325352
580875.7334932719
582748.263289536
584898.5508358966
585818.2086036679
585879.3863495225
588306.9777040865
588834.1470176921
589719.5556434405
590971.6634223762
592450.2771491983
594055.0848601388
594395.0448206248
594812.6088039762
595227.2980933124
595493.4100474493
595889.5127115656
595977.1465877766
596058.0370991136
596207.6855952964
596238.2712425459
596607.4072707245
597231.1300243947
597216.878193021
598547.9230101878
598976.8557751842
602794.2708020094
605074.528828879
605715.525313021
606678.6629596186
607159.6807127122
608294.2405752625
608727.3568413953
608988.579483684
609325.887574047
609808.503888634
610950.2776201315
613572.6390492098
614790.3072733543
614895.3019280413
616988.084967681
618617.8099816515
618887.4249339683
618953.6499608706
620901.5975932555
623167.4203888486
623201.4991334344
623706.0350290173
624018.3577719814
624192.4984009439
625770.1383087506
626145.0922166414
627518.2688538545
630457.122268063
631151.2128117273
632693.4491957411
633339.0487247055
635713.381340632
640311.9382804874
643413.3013801024
643619.8402295724
643705.9683686264
643994.3032785387
644950.1255190128
645561.8136958473
648905.0434690926
649383.6352332521
649755.8042918955
650319.8687205316
651090.8438638969
652017.5125585
652036.9859845415
652447.4022591738
652852.2341267933
654221.8847277791
655830.0119065586
656436.7609418598
656520.569601165
658551.4303684784
659156.2783619293
659154.2185404714
659314.0854559852
659475.3908135815
659460.8340864411
659915.1597662065
660092.1062738207
660558.4969513253
660763.7715870623
662254.4921646601
663076.4785541936
663141.755734101
663430.4327621012
663948.9602211885
665279.3660245277
667167.2039347052
667353.5964617938
668034.1865208697
668310.2508619787
668527.795410289
670142.6408596322
671901.3634213741
673800.1931692784
675734.3017985468
677815.4031495298
678253.9633441403
678542.620357576
678934.1777297813
682005.7661241237
682434.0434720679
682456.78014718
683226.0456580191
683858.2794720376
688737.472850758
689676.5689083221
692601.4744993243
695480.6698920709
695757.0110767937
697797.7763668392
698118.5992435324
700996.6757378409
701244.0239430127
701498.0654010773
701498.2253756566
702881.9362651022
702972.7879101277
705251.6891231219
706703.91729701
707306.9959979337
707635.045079502
708740.6888019524
708876.7002265139
709363.9356845196
709438.2701374465
709437.6309752367
710208.0185628202
710400.514832507
710973.3395237708
711757.7540575168
712463.5089822803
712780.4104430837
712865.70730869
713063.6052710499
714463.5726415247
714598.6575925904
715809.1975123776
716864.6549010174
717784.7180846906
718712.106856307
718755.111820983
718791.539760774
719341.5296690085
720555.1039091134
721087.9109622902
721985.0808811669
722413.7676384448
723366.8240005776
724504.3731862417
725355.2364422416
725429.6769781964
725470.9205521793
726501.4784096343
726841.9517778596
729104.4446789393
729319.1604816654
730924.064858485
731783.1284582104
731970.5389216037
731996.8626910425
733100.2857461157
733372.2599644987
735335.9518055186
735574.1071511429
736209.9396104916
737117.3365250037
738898.0124056641
739311.8077284108
739315.6324195644
739572.591314765
739820.0966567389
740691.6937607818
740920.8443631035
742155.6578521549
742452.2382535859
743818.6216662937
744205.9417398786
745102.3840810014
746490.9825068836
746915.2806816405
747314.5377470602
747373.5071034747
749262.9894594605
750322.1412677964
750324.0458553904
750637.114867942
751357.4484849959
753755.174434381
756263.996534108
756726.6510829623
757216.4444669747
757321.7727712515
757478.0309590173
758232.8528687435
759029.6420544758
759251.6026298926
759395.8251646626
759699.0364965248
759920.74469677
760631.0928798242
762178.4635322501
764786.5501640277
768066.5889065255
769200.1548559084
776411.6973786771
776516.1675480632
777114.52377656
777611.9819417911
779448.9555429476
