1000 0.006066322326660156 0.04253745079040527 1.0424749851226807 
1100 0.006454944610595703 0.03960728645324707 1.1662678718566895 
1200 0.006144285202026367 0.04204869270324707 1.2943661212921143 
1300 0.00785517692565918 0.04239678382873535 1.451622724533081 
1400 0.008472681045532227 0.056221961975097656 1.5471289157867432 
1500 0.009232282638549805 0.059311628341674805 1.7181286811828613 
1600 0.008509397506713867 0.05928468704223633 1.8291471004486084 
1700 0.009512901306152344 0.068939208984375 1.9608139991760254 
1800 0.011248588562011719 0.06938004493713379 2.087984800338745 
1900 0.01246190071105957 0.0762474536895752 2.1882567405700684 
